n
2
pq_bus
0
pv_bus
1
G
2.2436 -0.9615 -1.2821
-0.9615 1.7308 -0.7692
-1.2821 -0.7692 2.0513
B
-11.2179 4.8077 6.4103
4.8077 -8.6538 3.8462
6.4103 3.8462 -10.2564
f
-0.6 -0.3 -0.25 1.02 0 0
position
1 1 1 2 2 2
end